Process: 0
Sent:
1: 880.000000 201.000000 737.000000 518.000000 
2: 211.000000 794.000000 794.000000 646.000000 
3: 104.000000 353.000000 434.000000 200.000000 
4: 678.000000 904.000000 170.000000 281.000000 
5: 855.000000 890.000000 807.000000 382.000000 

Received: 
1: 880.000000 201.000000 737.000000 518.000000 
2: 211.000000 794.000000 794.000000 646.000000 
3: 104.000000 353.000000 434.000000 200.000000 
4: 678.000000 904.000000 170.000000 281.000000 
5: 855.000000 890.000000 807.000000 382.000000 
6: 684.000000 136.000000 721.000000 855.000000 
7: 943.000000 521.000000 188.000000 309.000000 
8: 383.000000 395.000000 7.000000 165.000000 
Process: 1
Sent:
1: 684.000000 136.000000 721.000000 855.000000 
2: 943.000000 521.000000 188.000000 309.000000 
3: 383.000000 395.000000 7.000000 165.000000 
4: 51.000000 891.000000 379.000000 729.000000 
9: 51.000000 891.000000 379.000000 729.000000 
10: 802.000000 553.000000 891.000000 851.000000 

5: 802.000000 553.000000 891.000000 851.000000 

Received: 
1: 880.000000 201.000000 737.000000 518.000000 
2: 211.000000 794.000000 794.000000 646.000000 
3: 104.000000 353.000000 434.000000 200.000000 
4: 678.000000 904.000000 170.000000 281.000000 
5: 855.000000 890.000000 807.000000 382.000000 
6: 684.000000 136.000000 721.000000 855.000000 
7: 943.000000 521.000000 188.000000 309.000000 
8: 383.000000 395.000000 7.000000 165.000000 
9: 51.000000 891.000000 379.000000 729.000000 
10: 802.000000 553.000000 891.000000 851.000000 

quickselect done. maxExtentDim = 0
Process: 0
Sample:
1: 211.000000 794.000000 794.000000 646.000000 
2: 104.000000 353.000000 434.000000 200.000000 
3: 51.000000 891.000000 379.000000 729.000000 
4: 383.000000 395.000000 7.000000 165.000000 
5: 678.000000 904.000000 170.000000 281.000000 
6: 684.000000 136.000000 721.000000 855.000000 
quickselect done. maxExtentDim = 0
7: 802.000000 553.000000 891.000000 851.000000 
8: 855.000000 890.000000 807.000000 382.000000 
9: 880.000000 201.000000 737.000000 518.000000 
10: 943.000000 521.000000 188.000000 309.000000 

Process: 1
Sample:
1: 211.000000 794.000000 794.000000 646.000000 
2: 104.000000 353.000000 434.000000 200.000000 
3: 51.000000 891.000000 379.000000 729.000000 
4: 383.000000 395.000000 7.000000 165.000000 
5: 678.000000 904.000000 170.000000 281.000000 
6: 684.000000 136.000000 721.000000 855.000000 
7: 802.000000 553.000000 891.000000 851.000000 
8: 855.000000 890.000000 807.000000 382.000000 
9: 880.000000 201.000000 737.000000 518.000000 
10: 943.000000 521.000000 188.000000 309.000000 

Midval = 684.000000
Midval = 684.000000
Process: 0
Median Index: 16, Value: 684.000000, Dim: 0
Main:
1: 606.000000 719.000000 665.000000 89.000000 
2: 97.000000 619.000000 591.000000 972.000000 
3: 414.000000 209.000000 551.000000 581.000000 
4: 536.000000 99.000000 935.000000 667.000000 
5: 679.000000 223.000000 154.000000 840.000000 
6: 253.000000 997.000000 915.000000 355.000000 
7: 339.000000 229.000000 209.000000 200.000000 
8: 547.000000 27.000000 930.000000 82.000000 
9: 213.000000 884.000000 947.000000 672.000000 
10: 678.000000 904.000000 170.000000 281.000000 
11: 269.000000 45.000000 640.000000 336.000000 
12: 430.000000 590.000000 275.000000 259.000000 
13: 333.000000 791.000000 84.000000 951.000000 
14: 99.000000 228.000000 716.000000 574.000000 
15: 211.000000 794.000000 794.000000 646.000000 
16: 104.000000 353.000000 434.000000 200.000000 
17: 502.000000 32.000000 181.000000 248.000000 
18: 743.000000 371.000000 194.000000 633.000000 
19: 748.000000 231.000000 580.000000 858.000000 
20: 855.000000 890.000000 807.000000 382.000000 
21: 976.000000 739.000000 203.000000 150.000000 
22: 865.000000 17.000000 401.000000 809.000000 
23: 880.000000 201.000000 737.000000 518.000000 
24: 887.000000 519.000000 339.000000 435.000000 
25: 868.000000 711.000000 517.000000 856.000000 

Process: 1
Median Index: 16, Value: 684.000000, Dim: 0
Main:
1: 156.000000 944.000000 517.000000 297.000000 
2: 106.000000 518.000000 827.000000 707.000000 
3: 232.000000 392.000000 255.000000 921.000000 
4: 684.000000 136.000000 721.000000 855.000000 
5: 645.000000 119.000000 797.000000 165.000000 
6: 466.000000 162.000000 248.000000 670.000000 
7: 275.000000 487.000000 429.000000 963.000000 
8: 130.000000 601.000000 658.000000 522.000000 
9: 402.000000 346.000000 702.000000 344.000000 
10: 51.000000 891.000000 379.000000 729.000000 
11: 520.000000 264.000000 974.000000 487.000000 
12: 214.000000 525.000000 887.000000 54.000000 
13: 323.000000 455.000000 144.000000 974.000000 
14: 666.000000 464.000000 290.000000 190.000000 
15: 383.000000 395.000000 7.000000 165.000000 
16: 30.000000 358.000000 110.000000 96.000000 
17: 98.000000 400.000000 304.000000 750.000000 
18: 923.000000 644.000000 130.000000 280.000000 
19: 910.000000 823.000000 843.000000 820.000000 
20: 802.000000 553.000000 891.000000 851.000000 
21: 854.000000 185.000000 972.000000 97.000000 
22: 943.000000 521.000000 188.000000 309.000000 
23: 910.000000 83.000000 355.000000 468.000000 
24: 903.000000 252.000000 806.000000 427.000000 
25: 805.000000 978.000000 132.000000 44.000000 

Process: 0
Median Index: 16, Value: 502.000000, Dim: 0
Main:
1: 606.000000 719.000000 665.000000 89.000000 
2: 97.000000 619.000000 591.000000 972.000000 
3: 414.000000 209.000000 551.000000 581.000000 
4: 536.000000 99.000000 935.000000 667.000000 
5: 679.000000 223.000000 154.000000 840.000000 
6: 253.000000 997.000000 915.000000 355.000000 
7: 339.000000 229.000000 209.000000 200.000000 
8: 547.000000 27.000000 930.000000 82.000000 
9: 213.000000 884.000000 947.000000 672.000000 
10: 678.000000 904.000000 170.000000 281.000000 
11: 269.000000 45.000000 640.000000 336.000000 
12: 430.000000 590.000000 275.000000 259.000000 
13: 333.000000 791.000000 84.000000 951.000000 
14: 99.000000 228.000000 716.000000 574.000000 
15: 211.000000 794.000000 794.000000 646.000000 
16: 104.000000 353.000000 434.000000 200.000000 
17: 502.000000 32.000000 181.000000 248.000000 
18: 156.000000 944.000000 517.000000 297.000000 
19: 106.000000 518.000000 827.000000 707.000000 
20: 232.000000 392.000000 255.000000 921.000000 
21: 684.000000 136.000000 721.000000 855.000000 
22: 645.000000 119.000000 797.000000 165.000000 
23: 466.000000 162.000000 248.000000 670.000000 
24: 275.000000 487.000000 429.000000 963.000000 
25: 130.000000 601.000000 658.000000 522.000000 
26: 402.000000 346.000000 702.000000 344.000000 
27: 51.000000 891.000000 379.000000 729.000000 
28: 520.000000 264.000000 974.000000 487.000000 
29: 214.000000 525.000000 887.000000 54.000000 
30: 323.000000 455.000000 144.000000 974.000000 
31: 666.000000 464.000000 290.000000 190.000000 
32: 383.000000 395.000000 7.000000 165.000000 
33: 30.000000 358.000000 110.000000 96.000000 
34: 98.000000 400.000000 304.000000 750.000000 

Process: 1
Median Index: 16, Value: 98.000000, Dim: 0
Main:
1: 923.000000 644.000000 130.000000 280.000000 
2: 910.000000 823.000000 843.000000 820.000000 
3: 802.000000 553.000000 891.000000 851.000000 
4: 854.000000 185.000000 972.000000 97.000000 
5: 943.000000 521.000000 188.000000 309.000000 
6: 910.000000 83.000000 355.000000 468.000000 
7: 903.000000 252.000000 806.000000 427.000000 
8: 805.000000 978.000000 132.000000 44.000000 
9: 743.000000 371.000000 194.000000 633.000000 
10: 748.000000 231.000000 580.000000 858.000000 
11: 855.000000 890.000000 807.000000 382.000000 
12: 976.000000 739.000000 203.000000 150.000000 
13: 865.000000 17.000000 401.000000 809.000000 
14: 880.000000 201.000000 737.000000 518.000000 
15: 887.000000 519.000000 339.000000 435.000000 
16: 868.000000 711.000000 517.000000 856.000000 

